%YAML:1.0
cameraMatrix: !!opencv-matrix
   rows: 3
   cols: 3
   dt: d
   data: [ 1.0999906148039749e+03, 0., 9.8623401118983156e+02, 0.,
       1.0979879806018973e+03, 5.3393791500982115e+02, 0., 0., 1. ]
distortionCoefficients: !!opencv-matrix
   rows: 1
   cols: 5
   dt: d
   data: [ 1.0594317686195620e-01, -1.8530766965830545e-01,
       -2.6187730026757971e-03, 3.7828605950910570e-03,
       1.0776962985526335e-01 ]
rotation: !!opencv-matrix
   rows: 3
   cols: 3
   dt: d
   data: [ 1., 0., 0., 0., 1., 0., 0., 0., 1. ]
projection: !!opencv-matrix
   rows: 4
   cols: 4
   dt: d
   data: [ 1.0999906148039749e+03, 0., 9.8623401118983156e+02, 0., 0.,
       1.0979879806018973e+03, 5.3393791500982115e+02, 0., 0., 0., 1.,
       0., 0., 0., 0., 1. ]
