%YAML:1.0
depthShift: -4.3936798884601656e+00
