%YAML:1.0
cameraMatrix: !!opencv-matrix
   rows: 3
   cols: 3
   dt: d
   data: [ 3.6868570339072903e+02, 0., 2.5317544643407638e+02, 0.,
       3.6962862883255696e+02, 1.9841022134476009e+02, 0., 0., 1. ]
distortionCoefficients: !!opencv-matrix
   rows: 1
   cols: 5
   dt: d
   data: [ 1.1117385218267023e-01, -2.9588604991393830e-01,
       -4.2391196705034058e-03, 1.5567489411504175e-03,
       8.7490251561119683e-02 ]
rotation: !!opencv-matrix
   rows: 3
   cols: 3
   dt: d
   data: [ 1., 0., 0., 0., 1., 0., 0., 0., 1. ]
projection: !!opencv-matrix
   rows: 4
   cols: 4
   dt: d
   data: [ 3.6868570339072903e+02, 0., 2.5317544643407638e+02, 0., 0.,
       3.6962862883255696e+02, 1.9841022134476009e+02, 0., 0., 0., 1.,
       0., 0., 0., 0., 1. ]
