%YAML:1.0
rotation: !!opencv-matrix
   rows: 3
   cols: 3
   dt: d
   data: [ 9.9990018457867125e-01, 1.3710325874699952e-02,
       -3.4128937793021252e-03, -1.3732031657960173e-02,
       9.9988510154480736e-01, -6.4198921544688968e-03,
       3.3244828295609665e-03, 6.4661173156512356e-03,
       9.9997356822106864e-01 ]
translation: !!opencv-matrix
   rows: 3
   cols: 1
   dt: d
   data: [ -5.3179229314978253e-02, 5.5020480607176911e-04,
       9.6537344356707744e-03 ]
essential: !!opencv-matrix
   rows: 3
   cols: 3
   dt: d
   data: [ 1.3439453331869888e-04, -9.6490675476735809e-03,
       6.1216619714485711e-04, 9.8295642788476124e-03,
       4.7621898052742763e-04, 5.3144876523142724e-02,
       1.8010897335197108e-04, -5.3180662590870703e-02,
       3.4328270761991572e-04 ]
fundamental: !!opencv-matrix
   rows: 3
   cols: 3
   dt: d
   data: [ 2.7181784863619907e-07, -1.9465806855627532e-05,
       4.2498777097509134e-03, 1.9916913077932193e-05,
       9.6246547102501489e-07, 3.4467930639882731e-02,
       -1.0501769798998771e-02, -9.9329038722413970e-02, 1. ]
